100 0.994959
600 1.00702
1100 0.971935
1600 0.967824
2100 0.969116
2600 0.954604
3100 0.951776
3600 0.948729
4100 0.950396
4600 0.954846
5100 0.953458
5600 0.949411
6100 0.947806
6600 0.946171
7100 0.946804
7600 0.946402
8100 0.946272
8600 0.945106
9100 0.944665
9600 0.945023
10100 0.941943
10600 0.939494
11100 0.937918
11600 0.940221
12100 0.940539
12600 0.936382
13100 0.938617
13600 0.939758
14100 0.940945
14600 0.940937
15100 0.940809
15600 0.940921
16100 0.943835
16600 0.944394
17100 0.944286
17600 0.945931
18100 0.945586
18600 0.945941
19100 0.945993
19600 0.945396
20100 0.945189
20600 0.945431
21100 0.946519
21600 0.945965
22100 0.94691
22600 0.947973
23100 0.949068
23600 0.948661
24100 0.948646
24600 0.948851
25100 0.950202
25600 0.950441
26100 0.949838
26600 0.950822
27100 0.950835
27600 0.951176
28100 0.951955
28600 0.951948
29100 0.952252
29600 0.952301
30100 0.952468
30600 0.951803
31100 0.951973
31600 0.950593
32100 0.949649
32600 0.949512
33100 0.947575
33600 0.947634
34100 0.94801
34600 0.948322
35100 0.946874
35600 0.94699
36100 0.947253
36600 0.946768
37100 0.946784
37600 0.94651
38100 0.946387
38600 0.945891
39100 0.945639
39600 0.945577
40100 0.946283
40600 0.946882
41100 0.946455
41600 0.946516
42100 0.946791
42600 0.947144
43100 0.947069
43600 0.947244
44100 0.947867
44600 0.947463
45100 0.94815
45600 0.947552
46100 0.947281
46600 0.947599
47100 0.947756
47600 0.947416
48100 0.947233
48600 0.947054
49100 0.946768
49600 0.947071
50100 0.947152
50600 0.947267
51100 0.947451
51600 0.94763
52100 0.947182
52600 0.947086
53100 0.947026
53600 0.946865
54100 0.945838
54600 0.946222
55100 0.946763
55600 0.947359
56100 0.947428
56600 0.947497
57100 0.946803
57600 0.947002
58100 0.946574
58600 0.94606
59100 0.945464
59600 0.94509
60100 0.945565
60600 0.945196
61100 0.944863
61600 0.9448
62100 0.944476
62600 0.944417
63100 0.944703
63600 0.944074
64100 0.943821
64600 0.943769
65100 0.944301
65600 0.944384
66100 0.944192
66600 0.944138
67100 0.944409
67600 0.944516
68100 0.944833
68600 0.944934
69100 0.944721
69600 0.944666
70100 0.944895
70600 0.94484
71100 0.944887
71600 0.945262
72100 0.945456
72600 0.944701
73100 0.945119
73600 0.945039
74100 0.944937
74600 0.945078
75100 0.945169
75600 0.945235
76100 0.944611
76600 0.944822
77100 0.944678
77600 0.945095
78100 0.94509
78600 0.945177
79100 0.945217
79600 0.945211
80100 0.945115
80600 0.945357
81100 0.94515
81600 0.944879
82100 0.944875
82600 0.945069
83100 0.945021
83600 0.945125
84100 0.945271
84600 0.945115
85100 0.945047
85600 0.945233
86100 0.94529
86600 0.945117
87100 0.945175
87600 0.944984
88100 0.945514
88600 0.945058
89100 0.944729
89600 0.944989
90100 0.945226
90600 0.945541
91100 0.945415
91600 0.945448
92100 0.94556
92600 0.945358
93100 0.945547
93600 0.945714
94100 0.945533
94600 0.945431
95100 0.945597
95600 0.945817
96100 0.945884
96600 0.945633
97100 0.945738
97600 0.945675
98100 0.945631
98600 0.945734
99100 0.945691
99600 0.945774
