500 6
600 8
700 10
800 11
900 12
1000 14
1100 16
1200 17
1300 19
1400 21
1500 23
1600 25
1700 26
1800 28
1900 30
2000 31
2100 34
2200 36
2300 38
2400 40
2500 42
2600 45
2700 46
2800 49
2900 51
3000 53
3100 55
3200 57
3300 59
3400 62
3500 64
3600 66
3700 68
3800 70
3900 73
4000 75
4100 78
4200 80
4300 83
4400 85
4500 93
4600 90
4700 93
4800 96
4900 97
5000 100
5100 103
5200 105
5300 108
5400 110
5500 112
5600 116
5700 118
5800 120
5900 124
6000 126
6100 130
6200 132
6300 135
6400 137
6500 140
6600 142
6700 145
6800 147
6900 153
7000 153
7100 156
7200 160
7300 162
7400 166
7500 167
7600 170
7700 173
7800 175
7900 178
8000 182
8100 184
8200 187
8300 190
8400 194
8500 198
8600 200
8700 209
8800 209
8900 214
9000 211
9100 214
9200 217
9300 221
9400 222
9500 228
9600 229
9700 232
9800 235
9900 238
10000 244
