500 36
600 45
700 48
800 51
900 58
1000 61
1100 74
1200 87
1300 103
1400 111
1500 106
1600 110
1700 110
1800 118
1900 127
2000 134
2100 141
2200 145
2300 162
2400 164
2500 176
2600 177
2700 182
2800 190
2900 196
3000 214
3100 218
3200 222
3300 229
3400 234
3500 242
3600 254
3700 260
3800 264
3900 271
4000 280
4100 290
4200 293
4300 304
4400 324
4500 318
4600 326
4700 335
4800 343
4900 349
5000 357
5100 365
5200 369
5300 380
5400 390
5500 396
5600 403
5700 411
5800 422
5900 425
6000 437
6100 442
6200 448
6300 456
6400 466
6500 474
6600 484
6700 486
6800 514
6900 504
7000 540
7100 520
7200 524
7300 540
7400 545
7500 554
7600 558
7700 570
7800 574
7900 581
8000 586
8100 599
8200 604
8300 615
8400 620
8500 629
8600 640
8700 653
8800 652
8900 657
9000 664
9100 682
9200 687
9300 693
9400 704
9500 708
9600 719
9700 720
9800 728
9900 742
10000 748
