500 22
600 24
700 28
800 32
900 38
1000 41
1100 46
1200 51
1300 56
1400 62
1500 66
1600 71
1700 77
1800 81
1900 86
2000 90
2100 97
2200 101
2300 107
2400 110
2500 117
2600 121
2700 126
2800 133
2900 138
3000 146
3100 147
3200 154
3300 157
3400 162
3500 168
3600 171
3700 176
3800 184
3900 193
4000 195
4100 205
4200 204
4300 211
4400 213
4500 217
4600 230
4700 234
4800 233
4900 242
5000 246
5100 251
5200 255
5300 261
5400 269
5500 268
5600 276
5700 282
5800 295
5900 296
6000 298
6100 303
6200 310
6300 311
6400 318
6500 326
6600 340
6700 328
6800 343
6900 350
7000 358
7100 354
7200 359
7300 364
7400 366
7500 374
7600 385
7700 395
7800 401
7900 405
8000 403
8100 407
8200 423
8300 417
8400 430
8500 430
8600 433
8700 446
8800 444
8900 445
9000 457
9100 464
9200 472
9300 470
9400 488
9500 493
9600 495
9700 498
9800 502
9900 502
10000 578
