500 28
600 30
700 36
800 39
900 43
1000 46
1100 57
1200 61
1300 66
1400 72
1500 82
1600 86
1700 86
1800 87
1900 96
2000 102
2100 130
2200 138
2300 121
2400 132
2500 150
2600 145
2700 148
2800 143
2900 158
3000 197
3100 158
3200 165
3300 172
3400 175
3500 183
3600 185
3700 200
3800 202
3900 208
4000 219
4100 233
4200 232
4300 238
4400 253
4500 248
4600 245
4700 264
4800 288
4900 286
5000 269
5100 270
5200 296
5300 306
5400 301
5500 298
5600 300
5700 331
5800 311
5900 321
6000 325
6100 326
6200 352
6300 350
6400 338
6500 358
6600 368
6700 374
6800 368
6900 377
7000 393
7100 393
7200 407
7300 407
7400 407
7500 454
7600 428
7700 430
7800 441
7900 441
8000 477
8100 474
8200 491
8300 544
8400 515
8500 516
8600 509
8700 533
8800 546
8900 536
9000 558
9100 549
9200 526
9300 575
9400 586
9500 575
9600 587
9700 559
9800 604
9900 589
10000 611
