500 22
600 22
700 34
800 39
900 45
1000 63
1100 52
1200 50
1300 67
1400 72
1500 77
1600 108
1700 87
1800 102
1900 100
2000 97
2100 96
2200 131
2300 101
2400 148
2500 122
2600 133
2700 170
2800 152
2900 156
3000 168
3100 175
3200 160
3300 181
3400 193
3500 192
3600 201
3700 206
3800 213
3900 233
4000 230
4100 240
4200 224
4300 251
4400 258
4500 242
4600 250
4700 257
4800 268
4900 296
5000 285
5100 312
5200 313
5300 290
5400 305
5500 314
5600 338
5700 367
5800 338
5900 334
6000 352
6100 359
6200 375
6300 384
6400 378
6500 400
6600 403
6700 424
6800 425
6900 407
7000 446
7100 444
7200 444
7300 474
7400 481
7500 480
7600 482
7700 486
7800 476
7900 488
8000 484
8100 500
8200 494
8300 509
8400 535
8500 473
8600 503
8700 497
8800 524
8900 546
9000 518
9100 531
9200 539
9300 540
9400 559
9500 593
9600 596
9700 652
9800 819
9900 646
10000 569
