500 34
600 46
700 53
800 51
900 59
1000 51
1100 59
1200 72
1300 74
1400 65
1500 73
1600 87
1700 83
1800 89
1900 108
2000 108
2100 101
2200 130
2300 108
2400 117
2500 132
2600 151
2700 144
2800 153
2900 163
3000 171
3100 179
3200 195
3300 189
3400 213
3500 203
3600 227
3700 207
3800 213
3900 228
4000 226
4100 241
4200 247
4300 245
4400 265
4500 280
4600 270
4700 282
4800 273
4900 284
5000 292
5100 322
5200 303
5300 332
5400 337
5500 364
5600 321
5700 351
5800 349
5900 360
6000 366
6100 372
6200 380
6300 374
6400 412
6500 394
6600 407
6700 404
6800 435
6900 436
7000 448
7100 470
7200 516
7300 490
7400 497
7500 538
7600 510
7700 527
7800 535
7900 575
8000 564
8100 541
8200 548
8300 574
8400 607
8500 603
8600 624
8700 582
8800 592
8900 614
9000 603
9100 576
9200 587
9300 680
9400 621
9500 627
9600 635
9700 618
9800 685
9900 625
10000 682
