500 22
600 27
700 35
800 38
900 44
1000 47
1100 53
1200 60
1300 66
1400 71
1500 75
1600 82
1700 86
1800 92
1900 108
2000 110
2100 118
2200 121
2300 125
2400 130
2500 135
2600 140
2700 152
2800 159
2900 168
3000 171
3100 177
3200 182
3300 185
3400 190
3500 204
3600 207
3700 212
3800 219
3900 222
4000 236
4100 251
4200 240
4300 246
4400 254
4500 265
4600 265
4700 272
4800 285
4900 289
5000 300
5100 305
5200 312
5300 315
5400 319
5500 325
5600 335
5700 339
5800 348
5900 350
6000 366
6100 374
6200 368
6300 379
6400 397
6500 391
6600 403
6700 406
6800 425
6900 419
7000 431
7100 435
7200 450
7300 456
7400 450
7500 463
7600 465
7700 475
7800 484
7900 486
8000 535
8100 497
8200 497
8300 522
8400 519
8500 524
8600 530
8700 532
8800 577
8900 552
9000 563
9100 561
9200 573
9300 574
9400 593
9500 590
9600 595
9700 618
9800 624
9900 628
10000 633
