500 5
600 8
700 10
800 11
900 12
1000 13
1100 12
1200 12
1300 14
1400 15
1500 16
1600 16
1700 17
1800 18
1900 19
2000 20
2100 21
2200 22
2300 24
2400 27
2500 29
2600 30
2700 31
2800 31
2900 33
3000 33
3100 34
3200 36
3300 37
3400 37
3500 38
3600 39
3700 40
3800 41
3900 42
4000 45
4100 44
4200 46
4300 46
4400 48
4500 50
4600 53
4700 55
4800 59
4900 62
5000 63
5100 63
5200 66
5300 67
5400 68
5500 68
5600 70
5700 70
5800 72
5900 73
6000 75
6100 75
6200 77
6300 78
6400 80
6500 80
6600 80
6700 81
6800 83
6900 84
7000 85
7100 87
7200 89
7300 88
7400 89
7500 91
7600 92
7700 92
7800 96
7900 94
8000 99
8100 96
8200 97
8300 100
8400 100
8500 102
8600 103
8700 107
8800 106
8900 109
9000 112
9100 116
9200 118
9300 119
9400 123
9500 126
9600 129
9700 131
9800 139
9900 136
10000 139
