500 13
600 16
700 18
800 21
900 24
1000 28
1100 30
1200 34
1300 39
1400 45
1500 47
1600 50
1700 50
1800 57
1900 58
2000 62
2100 68
2200 74
2300 74
2400 80
2500 80
2600 84
2700 89
2800 96
2900 97
3000 104
3100 102
3200 112
3300 115
3400 118
3500 122
3600 127
3700 128
3800 134
3900 136
4000 143
4100 152
4200 151
4300 149
4400 154
4500 157
4600 192
4700 178
4800 175
4900 175
5000 182
5100 194
5200 194
5300 186
5400 199
5500 196
5600 199
5700 200
5800 214
5900 219
6000 217
6100 221
6200 227
6300 236
6400 244
6500 248
6600 260
6700 252
6800 262
6900 251
7000 257
7100 259
7200 260
7300 272
7400 272
7500 277
7600 282
7700 278
7800 291
7900 296
8000 304
8100 300
8200 311
8300 308
8400 314
8500 309
8600 319
8700 318
8800 326
8900 331
9000 342
9100 341
9200 346
9300 352
9400 351
9500 363
9600 370
9700 371
9800 373
9900 377
10000 382
