500 29
600 31
700 48
800 72
900 69
1000 60
1100 71
1200 100
1300 86
1400 84
1500 94
1600 100
1700 95
1800 99
1900 127
2000 115
2100 175
2200 133
2300 146
2400 137
2500 148
2600 152
2700 162
2800 201
2900 182
3000 193
3100 199
3200 205
3300 182
3400 204
3500 208
3600 230
3700 214
3800 227
3900 268
4000 259
4100 247
4200 256
4300 261
4400 268
4500 265
4600 274
4700 292
4800 299
4900 308
5000 310
5100 322
5200 343
5300 348
5400 366
5500 417
5600 361
5700 388
5800 457
5900 422
6000 467
6100 447
6200 429
6300 456
6400 436
6500 410
6600 379
6700 390
6800 392
6900 423
7000 419
7100 416
7200 424
7300 425
7400 430
7500 459
7600 452
7700 496
7800 521
7900 487
8000 505
8100 503
8200 508
8300 527
8400 546
8500 541
8600 533
8700 558
8800 592
8900 555
9000 590
9100 573
9200 592
9300 591
9400 678
9500 617
9600 635
9700 633
9800 648
9900 655
10000 829
