500 43
600 57
700 85
800 72
900 52
1000 83
1100 80
1200 84
1300 105
1400 114
1500 138
1600 167
1700 114
1800 128
1900 131
2000 133
2100 156
2200 178
2300 163
2400 208
2500 201
2600 221
2700 228
2800 244
2900 257
3000 273
3100 297
3200 303
3300 223
3400 241
3500 251
3600 256
3700 276
3800 284
3900 285
4000 303
4100 306
4200 315
4300 338
4400 356
4500 355
4600 363
4700 379
4800 388
4900 459
5000 423
5100 443
5200 468
5300 481
5400 489
5500 508
5600 516
5700 540
5800 563
5900 575
6000 583
6100 601
6200 632
6300 637
6400 656
6500 598
6600 512
6700 540
6800 534
6900 552
7000 561
7100 567
7200 579
7300 608
7400 655
7500 652
7600 657
7700 678
7800 660
7900 653
8000 666
8100 712
8200 678
8300 716
8400 697
8500 688
8600 711
8700 726
8800 772
8900 802
9000 749
9100 797
9200 793
9300 807
9400 816
9500 849
9600 928
9700 1162
9800 937
9900 891
10000 907
