500 35
600 38
700 56
800 64
900 50
1000 70
1100 69
1200 92
1300 130
1400 102
1500 122
1600 139
1700 96
1800 114
1900 125
2000 137
2100 135
2200 195
2300 152
2400 166
2500 200
2600 205
2700 213
2800 245
2900 241
3000 244
3100 274
3200 286
3300 215
3400 240
3500 227
3600 264
3700 249
3800 278
3900 275
4000 290
4100 303
4200 302
4300 327
4400 380
4500 330
4600 357
4700 372
4800 379
4900 374
5000 414
5100 416
5200 431
5300 447
5400 470
5500 470
5600 503
5700 542
5800 544
5900 522
6000 628
6100 664
6200 575
6300 618
6400 615
6500 556
6600 470
6700 565
6800 497
6900 505
7000 526
7100 549
7200 526
7300 551
7400 563
7500 609
7600 635
7700 629
7800 629
7900 628
8000 633
8100 642
8200 635
8300 642
8400 654
8500 662
8600 695
8700 766
8800 753
8900 832
9000 792
9100 863
9200 838
9300 771
9400 777
9500 773
9600 862
9700 854
9800 877
9900 887
10000 924
